1717502760.6260679, -0.6541985128243621, -0.04781564839684762, 0.0, 0.0, 0.0, -0.13462694388618604, 0.990896354812079
1717502760.8158405, -0.6541985128243621, -0.04781564839684762, 0.0, 0.0, 0.0, -0.13462694388618604, 0.990896354812079
1717502760.9159994, -0.6541985128243621, -0.04781564839684762, 0.0, 0.0, 0.0, -0.13462694388618604, 0.990896354812079
1717502761.0272365, -0.6541985128243621, -0.04781564839684762, 0.0, 0.0, 0.0, -0.13462694388618604, 0.990896354812079
1717502761.2218566, -0.6541985128243621, -0.04781564839684762, 0.0, 0.0, 0.0, -0.13462694388618604, 0.990896354812079
1717502761.4162726, -0.6541985128243621, -0.04781564839684762, 0.0, 0.0, 0.0, -0.13462694388618604, 0.990896354812079
1717502761.5167074, -0.6541985128243621, -0.04781564839684762, 0.0, 0.0, 0.0, -0.13462694388618604, 0.990896354812079
1717502761.7159014, -0.6541985128243621, -0.04781564839684762, 0.0, 0.0, 0.0, -0.13462694388618604, 0.990896354812079
1717502761.8164115, -0.6541985128243621, -0.04781564839684762, 0.0, 0.0, 0.0, -0.13462694388618604, 0.990896354812079
1717502761.9187334, -0.6541985128243621, -0.04781564839684762, 0.0, 0.0, 0.0, -0.13462694388618604, 0.990896354812079
1717502762.116631, -0.6541985128243621, -0.04781564839684762, 0.0, 0.0, 0.0, -0.13462694388618604, 0.990896354812079
1717502762.3162088, -0.6541985128243621, -0.04781564839684762, 0.0, 0.0, 0.0, -0.13462694388618604, 0.990896354812079
1717502762.4164224, -0.6541985128243621, -0.04781564839684762, 0.0, 0.0, 0.0, -0.13462694388618604, 0.990896354812079
1717502762.618672, -0.6541985128243621, -0.04781564839684762, 0.0, 0.0, 0.0, -0.13462694388618604, 0.990896354812079
1717502762.8174078, -0.6541985128243621, -0.04781564839684762, 0.0, 0.0, 0.0, -0.13462694388618604, 0.990896354812079
1717502763.0170803, -0.6541985128243621, -0.04781564839684762, 0.0, 0.0, 0.0, -0.13462694388618604, 0.990896354812079
1717502763.2172406, -0.6541985128243621, -0.04781564839684762, 0.0, 0.0, 0.0, -0.13462694388618604, 0.990896354812079
1717502763.4166565, -0.6541985128243621, -0.04781564839684762, 0.0, 0.0, 0.0, -0.13462694388618604, 0.990896354812079
1717502763.6165504, -0.6541985128243621, -0.04781564839684762, 0.0, 0.0, 0.0, -0.13462694388618604, 0.990896354812079
1717502763.7173355, -0.6541985128243621, -0.04781564839684762, 0.0, 0.0, 0.0, -0.13462694388618604, 0.990896354812079
1717502763.915888, -0.6541985128243621, -0.04781564839684762, 0.0, 0.0, 0.0, -0.13462694388618604, 0.990896354812079
1717502764.015917, -0.6541985128243621, -0.04781564839684762, 0.0, 0.0, 0.0, -0.13462694388618604, 0.990896354812079
1717502764.2172103, -0.6541985128243621, -0.04781564839684762, 0.0, 0.0, 0.0, -0.13462694388618604, 0.990896354812079
1717502764.4161952, -0.6541985128243621, -0.04781564839684762, 0.0, 0.0, 0.0, -0.13462694388618604, 0.990896354812079
1717502764.6161366, -0.6541985128243621, -0.04781564839684762, 0.0, 0.0, 0.0, -0.13462694388618604, 0.990896354812079
1717502764.8188431, -0.6541985128243621, -0.04781564839684762, 0.0, 0.0, 0.0, -0.13462694388618604, 0.990896354812079
1717502816.7630987, 0.0, 0.0, 0.0, 0.0, 0.0, 0.0, 1.0
1717502816.8904126, 0.0, 0.0, 0.0, 0.0, 0.0, 0.0, 1.0
1717502817.0308723, 0.0, 0.0, 0.0, 0.0, 0.0, 0.0, 1.0
1717502817.1311295, 0.0, 0.0, 0.0, 0.0, 0.0, 0.0, 1.0
1717502817.330738, 0.0, 0.0, 0.0, 0.0, 0.0, 0.0, 1.0
1717502817.4312432, 0.0, 0.0, 0.0, 0.0, 0.0, 0.0, 1.0
1717502817.6308167, 0.0, 0.0, 0.0, 0.0, 0.0, 0.0, 1.0
1717502817.7308724, 0.0, 0.0, 0.0, 0.0, 0.0, 0.0, 1.0
1717502817.9311929, 0.0, 0.0, 0.0, 0.0, 0.0, 0.0, 1.0
1717502818.1306355, 0.0, 0.0, 0.0, 0.0, 0.0, 0.0, 1.0
1717502818.230711, 0.0, 0.0, 0.0, 0.0, 0.0, 0.0, 1.0
1717502818.330934, 0.0, 0.0, 0.0, 0.0, 0.0, 0.0, 1.0
1717502818.5308795, 0.0, 0.0, 0.0, 0.0, 0.0, 0.0, 1.0
1717502818.6316693, 0.0, 0.0, 0.0, 0.0, 0.0, 0.0, 1.0
1717502818.8312051, 0.0, 0.0, 0.0, 0.0, 0.0, 0.0, 1.0
1717502819.0307522, 0.0, 0.0, 0.0, 0.0, 0.0, 0.0, 1.0
1717502819.1308892, 0.0, 0.0, 0.0, 0.0, 0.0, 0.0, 1.0
1717502819.2314577, 0.0, 0.0, 0.0, 0.0, 0.0, 0.0, 1.0
1717502819.4310455, 0.0, 0.0, 0.0, 0.0, 0.0, 0.0, 1.0
1717502819.6307397, 0.0, 0.0, 0.0, 0.0, 0.0, 0.0, 1.0
1717502819.7311559, 0.0, 0.0, 0.0, 0.0, 0.0, 0.0, 1.0
1717502819.9308345, 0.0, 0.0, 0.0, 0.0, 0.0, 0.0, 1.0
1717502820.0309305, 0.0, 0.0, 0.0, 0.0, 0.0, 0.0, 1.0
1717502820.1309316, 0.0, 0.0, 0.0, 0.0, 0.0, 0.0, 1.0
1717502820.231039, 0.0, 0.0, 0.0, 0.0, 0.0, 0.0, 1.0
1717502820.4318953, 0.0, 0.0, 0.0, 0.0, 0.0, 0.0, 1.0
1717502820.6313796, 0.0, 0.0, 0.0, 0.0, 0.0, 0.0, 1.0
1717502820.8307402, 0.0, 0.0, 0.0, 0.0, 0.0, 0.0, 1.0
1717502821.030653, 0.0, 0.0, 0.0, 0.0, 0.0, 0.0, 1.0
1717502821.130835, 0.0, 0.0, 0.0, 0.0, 0.0, 0.0, 1.0
1717502821.230932, 0.0, 0.0, 0.0, 0.0, 0.0, 0.0, 1.0
1717502821.430859, 0.0, 0.0, 0.0, 0.0, 0.0, 0.0, 1.0
1717502821.530881, 0.0, 0.0, 0.0, 0.0, 0.0, 0.0, 1.0
1717502821.7311118, 0.0, 0.0, 0.0, 0.0, 0.0, 0.0, 1.0
1717502821.9310436, 0.0, 0.0, 0.0, 0.0, 0.0, 0.0, 1.0
1717502822.131073, 0.0, 0.0, 0.0, 0.0, 0.0, 0.0, 1.0
1717502822.2593832, -7.996988379836547e-05, 0.0, 0.0, 0.0, 0.0, 0.00034986821935178986, 0.9999999387961127
1717502822.4321814, 0.00017841419606571315, 2.8444176243415675e-07, 0.0, 0.0, 0.0, 0.009902580439918695, 0.9999509682482591
1717502822.5329034, 0.00011077746934337788, -7.408591198556193e-07, 0.0, 0.0, 0.0, 0.011706141300177452, 0.9999314807804884
1717502822.6335192, 0.00033694026497189803, 4.5941635949284e-06, 0.0, 0.0, 0.0, 0.011302075366815436, 0.9999361295064815
1717502822.7346706, 0.000313091173913485, 4.126986482366934e-06, 0.0, 0.0, 0.0, 0.012102556685071498, 0.9999267613788945
1717502822.930787, 0.011526711009751184, 0.0003650432340591154, 0.0, 0.0, 0.0, 0.017668854988381544, 0.9998438935970952
1717502823.0329905, 0.027799873372188078, 0.0009521770214708005, 0.0, 0.0, 0.0, 0.017640131895838074, 0.9998444007677881
1717502823.2312016, 0.0788877609422833, 0.0028326502143455772, 0.0, 0.0, 0.0, 0.020389190979543895, 0.9997921188383112
1717502823.4321897, 0.13411713562229965, 0.005289407172263252, 0.0, 0.0, 0.0, 0.024131085584653898, 0.999708802956394
1717502823.5328445, 0.1591133295585041, 0.006466690042038645, 0.0, 0.0, 0.0, 0.023021373380499168, 0.9997349730641995
1717502823.7311463, 0.2071494114885802, 0.008465267105770322, 0.0, 0.0, 0.0, 0.017801254314431057, 0.9998415451184417
1717502823.831364, 0.2307157826746389, 0.009242872276239732, 0.0, 0.0, 0.0, 0.01511154688196798, 0.9998858140562021
1717502823.931471, 0.2546255149989873, 0.009931790583180241, 0.0, 0.0, 0.0, 0.013301683873509032, 0.9999115286894782
1717502824.1311407, 0.30315016139370454, 0.01117234462298587, 0.0, 0.0, 0.0, 0.012251856995225067, 0.9999249431833214
1717502824.2363217, 0.3268625342551433, 0.011753516691668024, 0.0, 0.0, 0.0, 0.012251856995225067, 0.9999249431833214
1717502824.4306657, 0.3747087765723363, 0.012977901746098391, 0.0, 0.0, 0.0, 0.013009895333739965, 0.999915367730392
1717502824.5313458, 0.39890207815226747, 0.01359062330592036, 0.0, 0.0, 0.0, 0.012310292264760894, 0.9999242254812892
1717502824.7308116, 0.4461482014035659, 0.014694368583408708, 0.0, 0.0, 0.0, 0.011259976055081488, 0.9999366044601222
1717502824.8330524, 0.469744694880984, 0.015185526150204232, 0.0, 0.0, 0.0, 0.010090306247083044, 0.9999490915640856
1717502825.0306423, 0.5175348386666665, 0.016099767453277083, 0.0, 0.0, 0.0, 0.008340535151432434, 0.9999652171317699
1717502825.1309123, 0.5419299259258888, 0.0164827364772148, 0.0, 0.0, 0.0, 0.007640667091995388, 0.9999708096771571
1717502825.2311258, 0.5689469953889954, 0.016885954239070047, 0.0, 0.0, 0.0, 0.007581108089749018, 0.9999712629871578
1717502825.4332802, 0.6230590342751532, 0.01767994416011369, 0.0, 0.0, 0.0, 0.007521374870530092, 0.9999717140599813
1717502825.6307988, 0.6864622947323147, 0.018584467872901186, 0.0, 0.0, 0.0, 0.0071701412875345375, 0.9999742942065645
1717502825.73112, 0.7160338530411557, 0.019008565080781012, 0.0, 0.0, 0.0, 0.0075202285304464935, 0.9999717226816216
1717502825.8312166, 0.7469460911249138, 0.019517419625340985, 0.0, 0.0, 0.0, 0.00892033936722227, 0.9999602129812833
1717502825.931797, 0.7793207709540612, 0.02010048745707283, 0.0, 0.0, 0.0, 0.008920847747007438, 0.9999602084460535
1717502826.0321395, 0.8121219761709316, 0.02068045349476731, 0.0, 0.0, 0.0, 0.008510908799762924, 0.9999637815598134
1717502826.1349256, 0.8453187506400073, 0.021254442558848865, 0.0, 0.0, 0.0, 0.008235737264025137, 0.9999660857407705
1717502826.3316216, 0.913656505235357, 0.022356695246775363, 0.0, 0.0, 0.0, 0.007824972054133067, 0.9999693844375197
1717502826.530833, 0.993330059773022, 0.02366766851768239, 0.0, 0.0, 0.0, 0.007806668523690206, 0.9999695274989939
1717502826.6331859, 1.023350123373037, 0.024055540519815063, 0.0, 0.0, 0.0, 0.006325124194778033, 0.9999799962018844
1717502826.8315086, 1.0644580298784911, 0.024485188196758864, 0.0, 0.0, 0.0, 0.004571343907079044, 0.9999895513528545
1717502826.9315515, 1.0774003770779201, 0.024605395862016974, 0.0, 0.0, 0.0, 0.00532118855943985, 0.9999858423759382
1717502827.131789, 1.101239017221731, 0.0248575883645223, 0.0, 0.0, 0.0, 0.005321484217754997, 0.9999858408026187
1717502827.2325733, 1.1151575171496955, 0.025015585615993555, 0.0, 0.0, 0.0, 0.005672801454169593, 0.9999839095323793
1717502827.4312015, 1.1599731949124024, 0.02554978204499417, 0.0, 0.0, 0.0, 0.00608323438648522, 0.9999814969585182
1717502827.5327368, 1.1859871816369412, 0.02587556661741636, 0.0, 0.0, 0.0, 0.006150258991439794, 0.9999810869783179
1717502827.7320929, 1.24162539572645, 0.02655643216076575, 0.0, 0.0, 0.0, 0.006150500906865206, 0.999981085490418
1717502827.9335716, 1.3028884071075213, 0.02738795591817169, 0.0, 0.0, 0.0, 0.006939213269690184, 0.9999759233697568
1717502828.1307604, 1.3640807093875227, 0.028330972443142227, 0.0, 0.0, 0.0, 0.01027005611660036, 0.9999472615830106
1717502828.2327328, 1.3945505827390006, 0.029065305122340627, 0.0, 0.0, 0.0, 0.014299460943673839, 0.9998977574815939
1717502828.43278, 1.4536355456933285, 0.031235256375686738, 0.0, 0.0, 0.0, 0.022361326212091685, 0.999749954283588
1717502828.6307316, 1.5128196727844787, 0.03405025593441853, 0.0, 0.0, 0.0, 0.024458467610829794, 0.9997008469347868
1717502828.8309505, 1.5757013802828386, 0.03716940810538973, 0.0, 0.0, 0.0, 0.02513648132511364, 0.9996840287343758
1717502829.0308897, 1.6415756693160972, 0.04042699430429465, 0.0, 0.0, 0.0, 0.023736932397099376, 0.999718239325649
1717502829.131736, 1.676084388868208, 0.04203739282375568, 0.0, 0.0, 0.0, 0.022686764192886486, 0.9997426222435735
1717502829.3307712, 1.7451571332447053, 0.04526577078360035, 0.0, 0.0, 0.0, 0.023735945955102516, 0.9997182627468684
1717502829.4330556, 1.779383087195543, 0.0468871492280226, 0.0, 0.0, 0.0, 0.02408769655300464, 0.9997098493436835
1717502829.6308227, 1.849504441424459, 0.0503446197446493, 0.0, 0.0, 0.0, 0.025646622486837477, 0.9996710712804575
1717502829.7313406, 1.8852351058709944, 0.05219078536531413, 0.0, 0.0, 0.0, 0.025979088249786574, 0.9996624865291834
1717502829.8318088, 1.9219444952464984, 0.05410007174486679, 0.0, 0.0, 0.0, 0.025979088249786574, 0.9996624865291834
1717502830.031154, 1.9958190930358497, 0.057888082181763494, 0.0, 0.0, 0.0, 0.02490692974193986, 0.9996897743054243
1717502830.1342735, 2.032514895934452, 0.059712622437675125, 0.0, 0.0, 0.0, 0.02490601050718415, 0.9996897972074218
1717502830.331305, 2.1060005387198037, 0.06337667821540714, 0.0, 0.0, 0.0, 0.024556151917958336, 0.9996984522359641
1717502830.4315767, 2.1426154772673107, 0.06518166085283363, 0.0, 0.0, 0.0, 0.02490591252008891, 0.9996897996486418
1717502830.5317535, 2.179393909203494, 0.06702053976829402, 0.0, 0.0, 0.0, 0.02525551500303132, 0.9996810286095918
1717502830.7336051, 2.2525338939046105, 0.07078509090520918, 0.0, 0.0, 0.0, 0.025604828296084833, 0.9996721426387394
1717502830.8345666, 2.281275405050792, 0.07227616251653736, 0.0, 0.0, 0.0, 0.02601451308429217, 0.9996615652854656
1717502831.0322118, 2.3602480874910277, 0.07636641910140565, 0.0, 0.0, 0.0, 0.02478445447084295, 0.9996928182279708
1717502831.2307825, 2.43223861182297, 0.07990288119611053, 0.0, 0.0, 0.0, 0.023623404617161434, 0.9997209284366783
1717502831.331574, 2.4667642231187465, 0.08151296384809659, 0.0, 0.0, 0.0, 0.02321398951027964, 0.9997305190355132
1717502831.5309951, 2.5343696606804285, 0.08509355834170909, 0.0, 0.0, 0.0, 0.03408122310457359, 0.9994190663739092
1717502831.7348325, 2.6021680567124563, 0.09085912662932488, 0.0, 0.0, 0.0, 0.049833656835608475, 0.9987575314591579
1717502831.887836, 2.6021680567124563, 0.09085912662932488, 0.0, 0.0, 0.0, 0.049833656835608475, 0.9987575314591579
1717502832.0331087, 2.7000748050253645, 0.10126737043728548, 0.0, 0.0, 0.0, 0.052940705594685875, 0.9985976575634137
1717502832.2335157, 2.7695818256474625, 0.10828590974628659, 0.0, 0.0, 0.0, 0.04714789678594482, 0.9988879195528705
1717502832.4329286, 2.838346600176727, 0.1145053355796705, 0.0, 0.0, 0.0, 0.04355176171320447, 0.9990511718884455
1717502832.6308568, 2.914590802335735, 0.12142335006888001, 0.0, 0.0, 0.0, 0.04803857010255314, 0.9988454814346922
1717502832.7309906, 2.9491518615728123, 0.12485838988700626, 0.0, 0.0, 0.0, 0.05130377330365212, 0.9986830943020951
1717502832.8310347, 2.9832826563078694, 0.12845681124227018, 0.0, 0.0, 0.0, 0.05485854318611442, 0.9984941363070177
1717502833.0308127, 3.0524982632981694, 0.13683477576252548, 0.0, 0.0, 0.0, 0.06666745668223874, 0.9977752503542678
1717502833.2310255, 3.121388631226672, 0.14702268256553264, 0.0, 0.0, 0.0, 0.08377873312264596, 0.9964843821537619
1717502833.4317493, 3.1899100294362923, 0.15995124919145484, 0.0, 0.0, 0.0, 0.1059484475459148, 0.9943716239226713
1717502833.5351276, 3.2231259369008156, 0.16740279172207614, 0.0, 0.0, 0.0, 0.11675135327466211, 0.9931611759973983
1717502833.7310202, 3.289792882192233, 0.18447319689855438, 0.0, 0.0, 0.0, 0.1317132237811871, 0.9912878626721741
1717502833.932697, 3.3559218483389723, 0.20245771876997629, 0.0, 0.0, 0.0, 0.13130870547738074, 0.9913415273586871
1717502834.0332634, 3.390505738716473, 0.21170923934092556, 0.0, 0.0, 0.0, 0.12870102414704793, 0.9916834406117211
1717502834.2343457, 3.476041974725148, 0.2342584067522052, 0.0, 0.0, 0.0, 0.1287010668910835, 0.9916834350643843
1717502834.4309578, 3.56289590969597, 0.2571497089397033, 0.0, 0.0, 0.0, 0.12904814353666955, 0.9916383295585841
1717502834.6312888, 3.636787462638526, 0.277146005300641, 0.0, 0.0, 0.0, 0.13488729814865077, 0.9908609472565547
1717502834.8311281, 3.7120794032599287, 0.29859391498243393, 0.0, 0.0, 0.0, 0.14539923347729186, 0.989373065584573
1717502834.9318907, 3.7396142664625245, 0.30699284685075656, 0.0, 0.0, 0.0, 0.1497913026141441, 0.9887176369728407
1717502835.0354466, 3.7590577911755036, 0.3130946467574922, 0.0, 0.0, 0.0, 0.15488923014480876, 0.9879318429857135
1717502835.2309177, 3.7911421499777833, 0.32371051277956353, 0.0, 0.0, 0.0, 0.16144083443972568, 0.9868823926767591
1717502835.4307168, 3.7952352665545814, 0.3250908625998987, 0.0, 0.0, 0.0, 0.162249925179356, 0.9867496956063849
1717502835.531403, 3.795159316234364, 0.3250651917240233, 0.0, 0.0, 0.0, 0.16190381311391938, 0.9868065440090945
1717502835.7306573, 3.7951592692104463, 0.3250651167998252, 0.0, 0.0, 0.0, 0.16190351746667028, 0.9868065925154329
1717502835.8308015, 3.7952350662708016, 0.32509067659203117, 0.0, 0.0, 0.0, 0.1615581658157595, 0.9868631916624754
1717502836.0307543, 3.7951592737869073, 0.32506517740994806, 0.0, 0.0, 0.0, 0.16190341521623686, 0.9868066092914654
1717502836.1309617, 3.7951592737869073, 0.32506517740994806, 0.0, 0.0, 0.0, 0.16190341521623686, 0.9868066092914654
1717502836.3315089, 3.7951592737869073, 0.32506517740994806, 0.0, 0.0, 0.0, 0.16190341521623686, 0.9868066092914654
1717502836.5307608, 3.7951592737869073, 0.32506517740994806, 0.0, 0.0, 0.0, 0.16190341521623686, 0.9868066092914654
1717502836.6307673, 3.7951592737869073, 0.32506517740994806, 0.0, 0.0, 0.0, 0.16190341521623686, 0.9868066092914654
1717502836.7309277, 3.7951592737869073, 0.32506517740994806, 0.0, 0.0, 0.0, 0.16190341521623686, 0.9868066092914654
1717502836.9308336, 3.7951592737869073, 0.32506517740994806, 0.0, 0.0, 0.0, 0.16190341521623686, 0.9868066092914654
1717502837.1317215, 3.7951592737869073, 0.32506517740994806, 0.0, 0.0, 0.0, 0.16190341521623686, 0.9868066092914654
1717502837.231844, 3.7951592737869073, 0.32506517740994806, 0.0, 0.0, 0.0, 0.16190341521623686, 0.9868066092914654
1717502837.4315462, 3.7951592737869073, 0.32506517740994806, 0.0, 0.0, 0.0, 0.16190341521623686, 0.9868066092914654
1717502837.6309822, 3.7951592737869073, 0.32506517740994806, 0.0, 0.0, 0.0, 0.16190341521623686, 0.9868066092914654
1717502837.8309407, 3.7951592737869073, 0.32506517740994806, 0.0, 0.0, 0.0, 0.16190341521623686, 0.9868066092914654
1717502837.9326143, 3.799047243071139, 0.32639995804413957, 0.0, 0.0, 0.0, 0.1655505372143732, 0.9862013078616517
1717502838.0328548, 3.81234671015037, 0.331017847144434, 0.0, 0.0, 0.0, 0.1680249095815367, 0.9857827497781224
1717502838.1339471, 3.830433355751484, 0.3374685179385645, 0.0, 0.0, 0.0, 0.17507972333952798, 0.9845542597923967
1717502838.3324692, 3.884499125079052, 0.3588226783480994, 0.0, 0.0, 0.0, 0.20140856313017266, 0.9795073203901231
1717502838.5309763, 3.9588008708012508, 0.392615393607776, 0.0, 0.0, 0.0, 0.22037631811071098, 0.975414926283152
1717502838.6310775, 3.997204825017626, 0.41102547851080995, 0.0, 0.0, 0.0, 0.2224963457932437, 0.9749335239433781
1717502838.8308103, 4.071434222344641, 0.4466520779970795, 0.0, 0.0, 0.0, 0.2249691645890513, 0.9743658835284127
1717502838.9308612, 4.109369786459038, 0.4655024859951628, 0.0, 0.0, 0.0, 0.2337776876070772, 0.9722900764571691
1717502839.0328732, 4.135363330518357, 0.4791982465903605, 0.0, 0.0, 0.0, 0.2519380524419257, 0.9677433635689627
1717502839.2307403, 4.198985244337571, 0.5200294017856232, 0.0, 0.0, 0.0, 0.31895911893851997, 0.9477684740726308
1717502839.332591, 4.22593099877831, 0.5416317240078987, 0.0, 0.0, 0.0, 0.3502539136485243, 0.9366547901836044
1717502839.4332922, 4.253233906565003, 0.5664650375587641, 0.0, 0.0, 0.0, 0.37610903212219415, 0.9265754129891999
1717502839.533389, 4.277734645512044, 0.5910962548525713, 0.0, 0.0, 0.0, 0.3948645455564636, 0.9187393485981143
1717502839.7344673, 4.320152579870892, 0.6387646902485116, 0.0, 0.0, 0.0, 0.42796849351850874, 0.9037936537481872
1717502839.9315915, 4.3602452384379475, 0.6906237865692063, 0.0, 0.0, 0.0, 0.4551949187944897, 0.890391815946035
1717502840.1312938, 4.397414113229689, 0.7446090424915423, 0.0, 0.0, 0.0, 0.47820982496214837, 0.8782456167323988
1717502840.2316098, 4.413083302416606, 0.7693951259875047, 0.0, 0.0, 0.0, 0.48870635238922233, 0.8724483372294437
1717502840.433336, 4.43558747630136, 0.8094289764044023, 0.0, 0.0, 0.0, 0.5282678218493668, 0.8490777987902672
1717502840.6338387, 4.463061287078051, 0.8704248988759237, 0.0, 0.0, 0.0, 0.5577204332871452, 0.8300288659402149
1717502840.8326137, 4.487824890908908, 0.9337096240727137, 0.0, 0.0, 0.0, 0.5647598953542219, 0.8252552699616575
1717502841.0317862, 4.510522930193588, 0.9920320019322469, 0.0, 0.0, 0.0, 0.5652391703383094, 0.824927075755948
1717502841.2313948, 4.531536426090424, 1.0491941353262066, 0.0, 0.0, 0.0, 0.591118065968086, 0.8065850433067486
1717502841.433096, 4.545164644880978, 1.1035307708610758, 0.0, 0.0, 0.0, 0.6444585136319033, 0.7646392771806572
1717502841.631119, 4.551219637300952, 1.1602328647164135, 0.0, 0.0, 0.0, 0.694764532860915, 0.7192372653572356
1717502841.8311095, 4.550070245783208, 1.2204265485919144, 0.0, 0.0, 0.0, 0.7385755895572899, 0.6741706746144494
1717502842.0330012, 4.541542631537924, 1.278164674031294, 0.0, 0.0, 0.0, 0.7788129018670559, 0.6272562984023482
1717502842.2316835, 4.526081580107289, 1.3338923742652595, 0.0, 0.0, 0.0, 0.8168779829204255, 0.5768105070296978
1717502842.3324876, 4.516230004515136, 1.359649359065662, 0.0, 0.0, 0.0, 0.8333372609586372, 0.5527648772289679
1717502842.4325805, 4.505062379315551, 1.3846668913535212, 0.0, 0.0, 0.0, 0.8463111832738566, 0.5326888219829704
1717502842.5326076, 4.492728813692037, 1.4094215238701997, 0.0, 0.0, 0.0, 0.8551595688825514, 0.5183648442444846
1717502842.730946, 4.466512261907961, 1.4586357420993536, 0.0, 0.0, 0.0, 0.8578494093245687, 0.5139011489785643
1717502842.8321178, 4.455026284746398, 1.4801647979389316, 0.0, 0.0, 0.0, 0.8563157499122714, 0.5164526468633733
1717502843.0307872, 4.4401136712897085, 1.5092184416955696, 0.0, 0.0, 0.0, 0.8503829706186444, 0.5261642360345387
1717502843.1310468, 4.432488259013325, 1.524346517777499, 0.0, 0.0, 0.0, 0.8541022120906713, 0.5201051925349544
1717502843.2313728, 4.424051137908911, 1.5406374110464691, 0.0, 0.0, 0.0, 0.85413213521034, 0.5200560504417051
1717502843.4308941, 4.398347882479904, 1.5907398970441686, 0.0, 0.0, 0.0, 0.8525814906295316, 0.5225942994674989
1717502843.6306727, 4.375949447933596, 1.634836252574472, 0.0, 0.0, 0.0, 0.8518499103269155, 0.5237859584563394
1717502843.7336464, 4.365634483396515, 1.6553271520726092, 0.0, 0.0, 0.0, 0.8506186593496746, 0.5257831267415893
1717502843.9311368, 4.343109714937008, 1.7015722631359413, 0.0, 0.0, 0.0, 0.8431285198713537, 0.5377120967390824
1717502844.1310525, 4.3193942494695134, 1.7553752624121266, 0.0, 0.0, 0.0, 0.8304550796638728, 0.5570855954523243
1717502844.3311226, 4.297457690960778, 1.8123192341141865, 0.0, 0.0, 0.0, 0.8157405790047216, 0.5784179352034665
1717502844.4322348, 4.287036223976926, 1.84331273512327, 0.0, 0.0, 0.0, 0.8069372097655403, 0.5906372317216417
1717502844.6308742, 4.266819564840292, 1.9117525848575594, 0.0, 0.0, 0.0, 0.7957330365273245, 0.6056475332889614
1717502844.831331, 4.248742043023779, 1.97726278198266, 0.0, 0.0, 0.0, 0.7969965868648499, 0.6039838081652353
1717502844.9340184, 4.239410405904676, 2.0101101608355827, 0.0, 0.0, 0.0, 0.7993611905956585, 0.600850802587041
1717502845.0598185, 4.239410405904676, 2.0101101608355827, 0.0, 0.0, 0.0, 0.7993611905956585, 0.600850802587041
1717502845.2307367, 4.216587609210619, 2.0870695120835316, 0.0, 0.0, 0.0, 0.8028546937183623, 0.5961747569080686
1717502845.330792, 4.2093216279383725, 2.111278284902328, 0.0, 0.0, 0.0, 0.7999266920076548, 0.600097731551862
1717502845.4365735, 4.20157463081032, 2.13853489629984, 0.0, 0.0, 0.0, 0.7943604263815266, 0.6074467161809003
1717502845.6306946, 4.1882562820868205, 2.1933505144357457, 0.0, 0.0, 0.0, 0.7742487453624548, 0.6328814109330946
1717502845.7307963, 4.183176409292898, 2.2207017231596424, 0.0, 0.0, 0.0, 0.7605545451505528, 0.6492740437217831
1717502845.831348, 4.1793052894475, 2.2474471761345582, 0.0, 0.0, 0.0, 0.7492633513752405, 0.6622721723626495
1717502846.031237, 4.174234625963247, 2.301421611483684, 0.0, 0.0, 0.0, 0.7261262782157386, 0.6875613631411817
1717502846.2312932, 4.173189859178275, 2.3565576814257865, 0.0, 0.0, 0.0, 0.6960699585630368, 0.7179739638636294
1717502846.4372244, 4.177362965411007, 2.4122391989322356, 0.0, 0.0, 0.0, 0.6630321444789291, 0.7485909265998837
1717502846.632708, 4.185986431997811, 2.471578263875207, 0.0, 0.0, 0.0, 0.6468828305298889, 0.7625894069324849
1717502846.8313262, 4.1950129516069365, 2.528235148020353, 0.0, 0.0, 0.0, 0.6520353070929652, 0.7581886033858479
1717502847.0309417, 4.203355093484989, 2.5857767323501664, 0.0, 0.0, 0.0, 0.6571131305213731, 0.7537919697744204
1717502847.1352675, 4.207443899285386, 2.615944702415641, 0.0, 0.0, 0.0, 0.6587829984782383, 0.7523330119807462
1717502847.3308847, 4.2149895140533395, 2.673692535409668, 0.0, 0.0, 0.0, 0.661105927438818, 0.7502925780688893
1717502847.5310502, 4.222220507003932, 2.732654493907244, 0.0, 0.0, 0.0, 0.6656497715545201, 0.7462642840371065
1717502847.6318195, 4.225505340285538, 2.762187285130604, 0.0, 0.0, 0.0, 0.6680432093106267, 0.7441224835293974
1717502847.732968, 4.228624670119468, 2.7918275577973266, 0.0, 0.0, 0.0, 0.6706438910116568, 0.7417794628113837
1717502847.9311, 4.234042905471261, 2.8509794880861103, 0.0, 0.0, 0.0, 0.6768653967077751, 0.7361068093283925
1717502848.1311657, 4.241115351821683, 2.9110760893693146, 0.0, 0.0, 0.0, 0.6392069112065235, 0.7690348006857788
1717502848.2315428, 4.2474508775331605, 2.940065755930033, 0.0, 0.0, 0.0, 0.6070705357813027, 0.7946479500924936
1717502848.3326561, 4.255858715626953, 2.9670368812680405, 0.0, 0.0, 0.0, 0.5707645604920976, 0.8211137658608962
1717502848.5309904, 4.273711154294434, 3.0069590054419337, 0.0, 0.0, 0.0, 0.5025805177944132, 0.8645304061358974
1717502848.7331257, 4.284464613321013, 3.0235871503175815, 0.0, 0.0, 0.0, 0.4312713031443752, 0.9022222913917348
1717502848.931207, 4.283513555265143, 3.022669068212475, 0.0, 0.0, 0.0, 0.3699029818635055, 0.92907038700439
1717502849.1311326, 4.2831645726937815, 3.022308402724843, 0.0, 0.0, 0.0, 0.2927626576000373, 0.9561851422789226
1717502849.3311095, 4.283038972970441, 3.0222061771077757, 0.0, 0.0, 0.0, 0.2123985391538798, 0.9771831253993787
1717502849.4312928, 4.283111138795886, 3.0222404984142566, 0.0, 0.0, 0.0, 0.17350417697869677, 0.9848331333636907
1717502849.5335946, 4.283032922512516, 3.0222162920774958, 0.0, 0.0, 0.0, 0.133779009323361, 0.9910111889703668
1717502849.7333343, 4.282847674611528, 3.0221794695631763, 0.0, 0.0, 0.0, 0.05136709560107865, 0.998679839332661
1717502849.9337754, 4.282528555373959, 3.022174405866866, 0.0, 0.0, 0.0, -0.031595380488461354, 0.9995007413362881
1717502850.1333191, 4.282607052244417, 3.0221591573332884, 0.0, 0.0, 0.0, -0.11162462883425402, 0.9937504426351794
1717502850.3333647, 4.2821093097943175, 3.0223067065688083, 0.0, 0.0, 0.0, -0.19066622970213312, 0.9816549235098724
1717502850.4335642, 4.2821093097943175, 3.0223067065688083, 0.0, 0.0, 0.0, -0.22691685283480928, 0.9739141347673036
1717502850.6310246, 4.283615494107205, 3.0214353201624697, 0.0, 0.0, 0.0, -0.26478586585641317, 0.964307235917407
1717502850.7326412, 4.283912172831958, 3.021259206818387, 0.0, 0.0, 0.0, -0.2668710039005284, 0.9637322591244543
1717502850.9307745, 4.283500291087935, 3.0215056087632934, 0.0, 0.0, 0.0, -0.2689607445085931, 0.9631511397041398
1717502851.0309398, 4.283568888540474, 3.021464056701546, 0.0, 0.0, 0.0, -0.2847953876774041, 0.9585883303888469
1717502851.1311443, 4.283768842874043, 3.0213312965285675, 0.0, 0.0, 0.0, -0.29985761380300036, 0.9539839681275418
1717502851.330931, 4.283962165261207, 3.021188364794617, 0.0, 0.0, 0.0, -0.3261272562168244, 0.9453258764851863
1717502851.5306635, 4.284145728589821, 3.021033639943565, 0.0, 0.0, 0.0, -0.35474584516148966, 0.9349627721683149
1717502851.630698, 4.28408579910472, 3.021086678294422, 0.0, 0.0, 0.0, -0.3721757273131165, 0.9281622853784529
1717502851.7319279, 4.2839721679839835, 3.021199370717432, 0.0, 0.0, 0.0, -0.3940921862539233, 0.9190709160525117
1717502851.9321635, 4.283814669792827, 3.021406181837271, 0.0, 0.0, 0.0, -0.4446943021896066, 0.8956824088928502
1717502852.1306973, 4.283577638165724, 3.0217286728208306, 0.0, 0.0, 0.0, -0.48352595612859006, 0.8753300233340182
1717502852.2309973, 4.283786757834132, 3.021387555518647, 0.0, 0.0, 0.0, -0.4947641455739286, 0.8690272954599875
1717502852.3310375, 4.283623031571392, 3.0216661508524503, 0.0, 0.0, 0.0, -0.4997216143960136, 0.8661860701404993
1717502852.4311545, 4.284009303486804, 3.0209910337059602, 0.0, 0.0, 0.0, -0.5076057092901328, 0.8615894868764713
1717502852.5331903, 4.283800077778694, 3.021377742738881, 0.0, 0.0, 0.0, -0.5243860455925953, 0.8514806370010775
1717502852.7317095, 4.283799327916279, 3.021377783641578, 0.0, 0.0, 0.0, -0.5612341668904895, 0.8276570605720331
1717502852.9319491, 4.283800605090545, 3.021381616627331, 0.0, 0.0, 0.0, -0.600516387445062, 0.7996124488837903
1717502853.1308053, 4.283670829104754, 3.021925671145533, 0.0, 0.0, 0.0, -0.6413560966372359, 0.7672433494701981
1717502853.3306744, 4.28550869611004, 3.0104335576933057, 0.0, 0.0, 0.0, -0.6480935583384999, 0.7615607261670874
1717502853.432148, 4.288136197464859, 2.994102258086412, 0.0, 0.0, 0.0, -0.6489390839829408, 0.7608403678035109
1717502853.6310117, 4.296243210091742, 2.9423582231833247, 0.0, 0.0, 0.0, -0.6543333989136384, 0.7562061908409143
1717502853.8308012, 4.305365128193742, 2.8659826906383437, 0.0, 0.0, 0.0, -0.6763229053493724, 0.7366052726527171
1717502853.9348073, 4.308449060653012, 2.8229101681196824, 0.0, 0.0, 0.0, -0.6885695333260198, 0.725170323286321
1717502854.0420039, 4.310087165104674, 2.7802682551699602, 0.0, 0.0, 0.0, -0.7011670680241134, 0.7129970145228297
1717502854.2349918, 4.308885198356595, 2.6962577611648038, 0.0, 0.0, 0.0, -0.7251702630521778, 0.6885695967618926
1717502854.4308295, 4.302629505423593, 2.6193641678413386, 0.0, 0.0, 0.0, -0.7465950451801463, 0.6652787675196431
1717502854.5311222, 4.297899512974123, 2.582138015132955, 0.0, 0.0, 0.0, -0.7556851596218129, 0.6549350651227609
1717502854.632726, 4.292076236831604, 2.54440974476765, 0.0, 0.0, 0.0, -0.7639788830029373, 0.6452412466090371
1717502854.8308554, 4.277346260929618, 2.469414029847628, 0.0, 0.0, 0.0, -0.7823360278003461, 0.6228565963410647
1717502854.9314063, 4.268215481032134, 2.431682118525758, 0.0, 0.0, 0.0, -0.7903975747076485, 0.6125942163424881
1717502855.133052, 4.24733732582911, 2.354601732979032, 0.0, 0.0, 0.0, -0.7955707358252463, 0.6058607136120284
1717502855.3337677, 4.2294612472812405, 2.2885568767885345, 0.0, 0.0, 0.0, -0.7915305691306587, 0.6111295755661769
1717502855.531321, 4.208924013707952, 2.204553029962341, 0.0, 0.0, 0.0, -0.7790216941081586, 0.6269969697764533
1717502855.6353219, 4.200775545529485, 2.1658679621405486, 0.0, 0.0, 0.0, -0.772447274315213, 0.6350788993526696
1717502855.830771, 4.187211080670839, 2.0879518082188446, 0.0, 0.0, 0.0, -0.7568798390918661, 0.6535540598728393
1717502855.9310174, 4.181757585606516, 2.048568311579186, 0.0, 0.0, 0.0, -0.7495388418594356, 0.6619603647832821
1717502856.0310616, 4.17722317708214, 2.0091720185846134, 0.0, 0.0, 0.0, -0.7418015746403293, 0.670619432958163
1717502856.2358584, 4.1709457601412785, 1.928947974857557, 0.0, 0.0, 0.0, -0.724685384934247, 0.6890798885925364
1717502856.431256, 4.168521786160484, 1.8505955088647426, 0.0, 0.0, 0.0, -0.709896717604319, 0.7043057931996681
1717502856.63075, 4.168640647429721, 1.7692005083137894, 0.0, 0.0, 0.0, -0.7072881889364357, 0.7069253268846837
1717502856.7307794, 4.168447529835551, 1.7291371979791261, 0.0, 0.0, 0.0, -0.7117861321956691, 0.7023962571183943
1717502856.8316784, 4.167530613039611, 1.6887057682237443, 0.0, 0.0, 0.0, -0.7206496160320379, 0.6932994525548656
1717502856.9317806, 4.165452046984093, 1.6490665740706987, 0.0, 0.0, 0.0, -0.7327382773028425, 0.6805105561086195
1717502857.0326254, 4.161916618572709, 1.6092629643708543, 0.0, 0.0, 0.0, -0.7452807319708671, 0.666750800939128
1717502857.23094, 4.149799436274506, 1.5298461371089151, 0.0, 0.0, 0.0, -0.7757661926958774, 0.6310204547161231
1717502857.331307, 4.140729700793283, 1.4903351308439825, 0.0, 0.0, 0.0, -0.789864821661299, 0.6132809825047277
1717502857.4332058, 4.1296102652025475, 1.4491563741694446, 0.0, 0.0, 0.0, -0.7996047828569436, 0.6005265949417229
1717502857.631444, 4.10746214515354, 1.372314805080544, 0.0, 0.0, 0.0, -0.7958835754123806, 0.6054496960019101
1717502857.736272, 4.096656651043222, 1.3326173876953462, 0.0, 0.0, 0.0, -0.7924856278033395, 0.6098905883231408
1717502857.9313383, 4.075063279803794, 1.2485914584798607, 0.0, 0.0, 0.0, -0.7881664555136433, 0.6154621340123697
1717502858.130824, 4.053094777311371, 1.160082557744165, 0.0, 0.0, 0.0, -0.7887037909554425, 0.6147733973851778
1717502858.3311672, 4.030033669069256, 1.0742035008900708, 0.0, 0.0, 0.0, -0.8018310221103835, 0.5975508446830426
1717502858.4314926, 4.01695186870489, 1.0326163574563998, 0.0, 0.0, 0.0, -0.812765185742693, 0.5825914115781711
1717502858.6309724, 3.9857422207901827, 0.9488511861938943, 0.0, 0.0, 0.0, -0.8313940492365173, 0.5556833044946622
1717502858.7344851, 3.971763933201864, 0.9161740407735497, 0.0, 0.0, 0.0, -0.8400270767439183, 0.5425444777500433
1717502858.9316356, 3.927731009923326, 0.8281633665225137, 0.0, 0.0, 0.0, -0.8630363145399219, 0.5051418808467073
1717502859.133328, 3.8809049468085877, 0.751489363144471, 0.0, 0.0, 0.0, -0.881864641784882, 0.4715026548913822
1717502859.3318505, 3.829081047142662, 0.6795627391715138, 0.0, 0.0, 0.0, -0.9008103245143719, 0.43421280410452195
1717502859.4322445, 3.8004567049796214, 0.6448538717119605, 0.0, 0.0, 0.0, -0.9098300811193434, 0.41498099172175235
1717502859.6316822, 3.738696973795034, 0.5795649330171875, 0.0, 0.0, 0.0, -0.9289788634637908, 0.37013277514632986
1717502859.8306496, 3.6714966925965355, 0.5215672729349443, 0.0, 0.0, 0.0, -0.9466611331880891, 0.3222308162032972
1717502859.9306715, 3.6354408417300466, 0.49497384731607813, 0.0, 0.0, 0.0, -0.954585464192519, 0.2979372275368641
1717502860.130663, 3.5602568199851894, 0.4475971642216184, 0.0, 0.0, 0.0, -0.9675870615046405, 0.2525376772064222
1717502860.23067, 3.5212412600589653, 0.42671290029023656, 0.0, 0.0, 0.0, -0.9734256136327836, 0.22900343823540878
1717502860.4307125, 3.43968320094321, 0.39042287237472173, 0.0, 0.0, 0.0, -0.9831484676438306, 0.1828088908384599
1717502860.6308882, 3.3546346032998575, 0.36122444387102076, 0.0, 0.0, 0.0, -0.9893855799500096, 0.1453140536458298
1717502860.731107, 3.3119201974344494, 0.34905126154325994, 0.0, 0.0, 0.0, -0.9916741217959328, 0.1287728083108595
1717502860.8311195, 3.268652567673697, 0.33816707933291523, 0.0, 0.0, 0.0, -0.993433466502244, 0.11441130902727635
1717502861.0309548, 3.180168445859571, 0.3186714746851508, 0.0, 0.0, 0.0, -0.994530291544774, 0.10444854809841449
1717502861.1311476, 3.137554007167277, 0.30949337351528483, 0.0, 0.0, 0.0, -0.994053683806386, 0.10889110942107977
1717502861.3308291, 3.051667601854543, 0.28970757193514546, 0.0, 0.0, 0.0, -0.9930402690819339, 0.11777531142680298
1717502861.4367025, 3.007904141797037, 0.2789430264417177, 0.0, 0.0, 0.0, -0.9921257647423132, 0.12524562640859024
1717502861.6308787, 2.921124537612301, 0.2548225995253838, 0.0, 0.0, 0.0, -0.9885833486408953, 0.15067502377618547
1717502861.7308831, 2.8787314329117644, 0.24085829607309373, 0.0, 0.0, 0.0, -0.985212770935817, 0.17133533198079537
1717502861.8309762, 2.837586237758294, 0.22509076806513612, 0.0, 0.0, 0.0, -0.9801722797226, 0.19814717273633053
1717502861.9318075, 2.7979461867982667, 0.2072977684595411, 0.0, 0.0, 0.0, -0.9741690173540964, 0.2258201178534681
1717502862.1311471, 2.7191567100123835, 0.16379348081104256, 0.0, 0.0, 0.0, -0.9597065406463989, 0.2810041918557831
1717502862.3309906, 2.6406908119739576, 0.10876127838822061, 0.0, 0.0, 0.0, -0.9485238837944767, 0.31670560757814503
1717502862.4322667, 2.5990898804174507, 0.0775042901399961, 0.0, 0.0, 0.0, -0.9488558727597598, 0.3157095702212947
1717502862.6307187, 2.51496110522512, 0.015585124148568203, 0.0, 0.0, 0.0, -0.951754296154566, 0.3068611408297354
1717502862.7307894, 2.472214445287668, -0.015020826999564146, 0.0, 0.0, 0.0, -0.9525208198721444, 0.3044734597794984
1717502862.8324955, 2.4292912494670165, -0.04548506797540489, 0.0, 0.0, 0.0, -0.9529461534210647, 0.30313961911963366
1717502863.0308752, 2.3432551755922626, -0.1062934992857401, 0.0, 0.0, 0.0, -0.9527338337269897, 0.3038062574600345
1717502863.2324684, 2.257483580810451, -0.16750267648573622, 0.0, 0.0, 0.0, -0.9519866285847682, 0.30613960703542853
1717502863.4322183, 2.17158087225647, -0.2290511068892285, 0.0, 0.0, 0.0, -0.9525209520188652, 0.3044730463687627
1717502863.6306791, 2.084794447471802, -0.2900135838363752, 0.0, 0.0, 0.0, -0.9552791421180533, 0.2957055302732706
1717502863.7320755, 2.0411081915889655, -0.3195353405598002, 0.0, 0.0, 0.0, -0.9576144562503088, 0.2880530388321312
1717502863.9309213, 1.9525291697522125, -0.3763425721858184, 0.0, 0.0, 0.0, -0.9618735833626356, 0.2734944416786615
1717502864.1309047, 1.8616961912833827, -0.4309066193666825, 0.0, 0.0, 0.0, -0.9659117844559447, 0.25887144425203124
1717502864.230914, 1.8156552853067371, -0.4570562225691862, 0.0, 0.0, 0.0, -0.968205167278606, 0.2501574585236399
1717502864.4389875, 1.7295877473902463, -0.5032097583679295, 0.0, 0.0, 0.0, -0.9718333552709608, 0.2356691103704227
1717502864.6316628, 1.6246058506557777, -0.5550515612790518, 0.0, 0.0, 0.0, -0.976576267524828, 0.21517154483638334
1717502864.8373442, 1.5062790624542801, -0.6061962708083849, 0.0, 0.0, 0.0, -0.9820689338784753, 0.18852217140377664
1717502865.0325713, 1.3962509358355086, -0.6476781397939309, 0.0, 0.0, 0.0, -0.9857160142892754, 0.16841597066093558
1717502865.233317, 1.2848686222001755, -0.6852138813440127, 0.0, 0.0, 0.0, -0.9881641281384448, 0.1534003124520526
1717502865.43686, 1.1706203229531635, -0.7194786263150907, 0.0, 0.0, 0.0, -0.9909907729213053, 0.13393016084823403
1717502865.6306906, 1.0602267062628052, -0.747722224943582, 0.0, 0.0, 0.0, -0.9933718915349479, 0.1149447045682388
1717502865.7307968, 1.003348852055674, -0.7606636147183914, 0.0, 0.0, 0.0, -0.9943320025099783, 0.10631965380162095
1717502865.8312619, 0.9455333887143726, -0.7728146755634215, 0.0, 0.0, 0.0, -0.9951207348099683, 0.0986647006343644
1717502865.9331658, 0.8873070660126219, -0.7839374776723135, 0.0, 0.0, 0.0, -0.9961591491126734, 0.08756111944872812
1717502866.035717, 0.82786064302588, -0.79393934664548, 0.0, 0.0, 0.0, -0.9970995301599315, 0.07610865229948469
1717502866.2341866, 0.7070127305348418, -0.8097328948888197, 0.0, 0.0, 0.0, -0.9986203738322423, 0.05251046531076055
1717502866.4317234, 0.5983650942369981, -0.819584890766715, 0.0, 0.0, 0.0, -0.9993275538329303, 0.036666608109993955
1717502866.631264, 0.46477711585278836, -0.826876628655327, 0.0, 0.0, 0.0, -0.9998926127777088, 0.014654791454228386
1717502866.8310237, 0.34362558011502536, -0.8284969220526989, 0.0, 0.0, -0.0, -0.9999952737705776, -0.003074481502208358
1717502867.030678, 0.22343234560649639, -0.8262012964539462, 0.0, 0.0, -0.0, -0.9998452266748753, -0.01759325710229049
1717502867.131296, 0.1632116890288041, -0.8237750811290155, 0.0, 0.0, -0.0, -0.9996760158927527, -0.02545315793360165
1717502867.2347918, 0.10372665723735762, -0.8202595474124893, 0.0, 0.0, -0.0, -0.9993450582699411, -0.03618638571960473
1717502867.4317038, -0.014253838853244064, -0.8091950608858319, 0.0, 0.0, -0.0, -0.9983117603869831, -0.05808294993406192
1717502867.6306796, -0.13241693340445526, -0.7933887170889005, 0.0, 0.0, -0.0, -0.9968269381440098, -0.07959934290205191
1717502867.7324655, -0.19098055890938054, -0.7833055751886401, 0.0, 0.0, -0.0, -0.9955878819703392, -0.09383373206802563
1717502867.930825, -0.30745011803831224, -0.7579215544129891, 0.0, 0.0, -0.0, -0.9924623456594625, -0.12254995898864128
1717502868.130884, -0.42213930244093084, -0.726168501816266, 0.0, 0.0, -0.0, -0.9888955900606361, -0.14861195092800025
1717502868.3315463, -0.5349729594199335, -0.6884596157784589, 0.0, 0.0, -0.0, -0.9846201400324309, -0.17470884305757414
1717502868.4327872, -0.5890495766309743, -0.6679463269134351, 0.0, 0.0, -0.0, -0.9820005810435555, -0.18887789396887988
1717502868.6306865, -0.6919023169539105, -0.623804232115967, 0.0, 0.0, -0.0, -0.9759290840172747, -0.21808810827095346
1717502868.7308025, -0.7387945669981197, -0.600928576354599, 0.0, 0.0, -0.0, -0.9719423541075256, -0.23521917500901451
1717502868.8309238, -0.7827750797524801, -0.577566437854071, 0.0, 0.0, -0.0, -0.9677579101227537, -0.25188216966438937
1717502868.931017, -0.8232048083335813, -0.554233395775901, 0.0, 0.0, -0.0, -0.9630174507677398, -0.2694390274566842
1717502869.0311463, -0.8611160715041952, -0.5304546572469615, 0.0, 0.0, -0.0, -0.958134821815399, -0.28631741690783247
1717502869.1314104, -0.8985243652750614, -0.5053266154243983, 0.0, 0.0, -0.0, -0.9540320075990032, -0.299704735492477
1717502869.33127, -0.971869877861296, -0.4510226523740991, 0.0, 0.0, -0.0, -0.9438230143916184, -0.33045138447995487
1717502869.4361982, -1.0072002181504829, -0.42190524236775434, 0.0, 0.0, -0.0, -0.9367843716467629, -0.34990718917790153
1717502869.630705, -1.0688790491118665, -0.3635195215930129, 0.0, 0.0, -0.0, -0.918741888998804, -0.3948586347022301
1717502869.7309005, -1.092644488926956, -0.33749851215298593, 0.0, 0.0, -0.0, -0.9091879610871333, -0.41638594046175653
1717502869.9314377, -1.1201421986600266, -0.30342177993881925, 0.0, 0.0, -0.0, -0.8911631225073523, -0.45368302710476804
1717502870.131815, -1.1311822168975658, -0.2872559499639134, 0.0, 0.0, -0.0, -0.8699843641672202, -0.49307931015664963
1717502870.3317857, -1.1318779080094759, -0.286132237329155, 0.0, 0.0, -0.0, -0.8454321252240637, -0.5340828789983095
1717502870.431899, -1.1315493033713833, -0.2868617437285868, 0.0, 0.0, -0.0, -0.8313140275674321, -0.5558030114794402
1717502870.5322986, -1.1317188524813269, -0.2864195164082841, 0.0, 0.0, -0.0, -0.8123285261467905, -0.5832001076887615
1717502870.7316415, -1.1317460156804449, -0.28635146303800113, 0.0, 0.0, -0.0, -0.7689041203364031, -0.6393641010642543
1717502870.9307358, -1.13174637238408, -0.286345935539775, 0.0, 0.0, -0.0, -0.7183948978376432, -0.6956355157414277
1717502871.0316384, -1.131754904991131, -0.2863287962684084, 0.0, 0.0, -0.0, -0.6888859386977054, -0.7248697562076798
1717502871.2364547, -1.1317627961301195, -0.2864060333526305, 0.0, 0.0, -0.0, -0.6242447680222732, -0.7812288202548714
1717502871.4453576, -1.1317666859960755, -0.2864046018733474, 0.0, 0.0, -0.0, -0.5547351415014924, -0.8320269964269904
1717502871.6319914, -1.131766455946305, -0.28640436741539793, 0.0, 0.0, -0.0, -0.4782427949705457, -0.8782276635695101
1717502871.830771, -1.1316571931773596, -0.28628897838236533, 0.0, 0.0, -0.0, -0.3906419186758354, -0.9205427156700888
1717502871.930856, -1.1317161671665477, -0.2863431110484542, 0.0, 0.0, -0.0, -0.3447625298381595, -0.9386899371036168
1717502872.1308653, -1.1317172108760558, -0.2863418963273643, 0.0, 0.0, -0.0, -0.25124521249124737, -0.9679234697021392
1717502872.2310445, -1.1315037509464063, -0.2862320457863798, 0.0, 0.0, -0.0, -0.20380586855258886, -0.9790113216625868
1717502872.3312004, -1.1312623459556568, -0.286136072510341, 0.0, 0.0, -0.0, -0.15747662203807958, -0.9875227154407517
1717502872.4322793, -1.1316669391662364, -0.286249243573186, 0.0, 0.0, -0.0, -0.1055186604215923, -0.9944173230102303
1717502872.6319132, -1.1319810313566196, -0.28630540955951156, 0.0, 0.0, -0.0, -0.007016422032471836, -0.9999753846079723
1717502872.831424, -1.1305893215746827, -0.2864596844914426, 0.0, -0.0, 0.0, 0.0604870587792573, -0.9981689815458276
1717502873.0309985, -1.1304690484797066, -0.2864680221970584, 0.0, -0.0, 0.0, 0.06450073698731681, -0.9979176593928444
1717502873.1329129, -1.1297319202981653, -0.28656316941817433, 0.0, -0.0, 0.0, 0.0633788621456874, -0.9979895389397215
1717502873.3311534, -1.106663644961521, -0.28946791881789263, 0.0, -0.0, 0.0, 0.06376162341442623, -0.9979651573975701
1717502873.4328184, -1.0853637825620848, -0.29225343703046575, 0.0, -0.0, 0.0, 0.06638579869902621, -0.9977940297130928
1717502873.630918, -1.023005043437678, -0.3007972808416982, 0.0, -0.0, 0.0, 0.06868367911381547, -0.997638487741622
1717502873.8306627, -0.9354881751608313, -0.3125578500809377, 0.0, -0.0, 0.0, 0.06430126932788274, -0.9979305320325774
1717502873.9306912, -0.884669874649468, -0.3191050667933123, 0.0, -0.0, 0.0, 0.06360310156559645, -0.9979752729758571
1717502874.033333, -0.8326104418897959, -0.32574557940672355, 0.0, -0.0, 0.0, 0.06360209108316127, -0.9979753373755532
1717502874.2316236, -0.7392877261869306, -0.3386034139948569, 0.0, -0.0, 0.0, 0.08128768628341076, -0.9966906802306771
1717502874.4330206, -0.6289569490570432, -0.3624830618843585, 0.0, -0.0, 0.0, 0.14157926959468362, -0.989926921757882
1717502874.6307983, -0.5347414223064619, -0.39640083417535255, 0.0, -0.0, 0.0, 0.20519067867930457, -0.9787220163984901
1717502874.7312958, -0.48723450810164864, -0.4184551749382841, 0.0, -0.0, 0.0, 0.227459977565008, -0.9737874298871012
1717502874.9319136, -0.39616067232823066, -0.46499001621025376, 0.0, -0.0, 0.0, 0.23602278251214373, -0.9717475218055487
1717502875.1312733, -0.3046862279209472, -0.5114162019076932, 0.0, -0.0, 0.0, 0.2282902070436179, -0.9735931292732001
1717502875.331978, -0.21172513841318166, -0.5559887356912026, 0.0, -0.0, 0.0, 0.21139126090366525, -0.977401521798262
1717502875.5309944, -0.11491896886056358, -0.5977820514932973, 0.0, -0.0, 0.0, 0.19183981220459856, -0.9814262511535466
1717502875.6314373, -0.062213955484154086, -0.6185270145938584, 0.0, -0.0, 0.0, 0.17768982896827704, -0.9840865432883555
1717502875.7331092, -0.007571570467892287, -0.6381399573001709, 0.0, -0.0, 0.0, 0.16292457780627403, -0.9866385264860923
1717502875.9310129, 0.1020380436697005, -0.6715422114498144, 0.0, -0.0, 0.0, 0.12519666741431262, -0.9921319440822123
1717502876.0335164, 0.1590334296088127, -0.6851940299225149, 0.0, -0.0, 0.0, 0.10509257758225474, -0.9944624427986799
1717502876.230919, 0.2752092950309931, -0.7053088062463522, 0.0, -0.0, 0.0, 0.06469923275811885, -0.9979048097291198
1717502876.330926, 0.33558899410280046, -0.7124981705341109, 0.0, -0.0, 0.0, 0.05161014170343541, -0.9986673086034965
1717502876.4328895, 0.39858164122497697, -0.7183116806120753, 0.0, -0.0, 0.0, 0.037617904327721184, -0.9992921961438458
1717502876.6318166, 0.5264985672581807, -0.7253036384563827, 0.0, -0.0, 0.0, 0.014647166894437335, -0.9998927244969664
1717502876.8307273, 0.6575741024825621, -0.7259080038202338, 0.0, 0.0, -0.0, -0.014929925231966184, -0.9998885424548918
1717502876.9308493, 0.7247270114941786, -0.7225858041158244, 0.0, 0.0, -0.0, -0.041050213273142365, -0.9991570847420487
1717502877.1307957, 0.8631362085365581, -0.7034591631479535, 0.0, 0.0, -0.0, -0.09661096742268632, -0.9953222196724298
1717502877.2308285, 0.9335114409941491, -0.6884203554870161, 0.0, 0.0, -0.0, -0.11620646467454254, -0.9932250790066893
1717502877.3339362, 1.0025155273688626, -0.6715718467187849, 0.0, 0.0, -0.0, -0.12064616455319833, -0.9926955741709553
1717502877.442352, 1.0165977180298449, -0.668097603345218, 0.0, 0.0, -0.0, -0.12029076409641407, -0.992738702818169
1717502877.6310928, 1.207916288131069, -0.6242806979992802, 0.0, 0.0, -0.0, -0.10545772875743033, -0.9944237866449718
1717502877.7316966, 1.263571066301317, -0.6124388769034801, 0.0, 0.0, -0.0, -0.1039682750094101, -0.9945806140236032
1717502877.931087, 1.4171519556201895, -0.5803582184804665, 0.0, 0.0, -0.0, -0.10242482577555985, -0.9947407476648608
1717502878.1310105, 1.5562419469138318, -0.5501963411435478, 0.0, 0.0, -0.0, -0.11871172323603088, -0.9929287621810197
1717502878.2325454, 1.623098745551407, -0.5329764079589479, 0.0, 0.0, -0.0, -0.13709777315559143, -0.9905575200844109
1717502878.4307868, 1.758538084519975, -0.49027635054328567, 0.0, 0.0, -0.0, -0.16463311980867953, -0.986354873188175
1717502878.5308123, 1.8262832519711418, -0.4664991725874338, 0.0, 0.0, -0.0, -0.1730302404690131, -0.984916512138585
1717502878.7310297, 1.967092075165773, -0.4131625445270148, 0.0, 0.0, -0.0, -0.1928966814538326, -0.9812190735427531
1717502878.8311658, 2.0397873742978154, -0.382446205095573, 0.0, 0.0, -0.0, -0.20673184862815816, -0.9783976404114967
1717502879.031212, 2.1857214289906075, -0.31438120253173685, 0.0, 0.0, -0.0, -0.22783170360298313, -0.9737005262571046
1717502879.2307897, 2.3279355393595673, -0.24086996098751318, 0.0, 0.0, -0.0, -0.24756153386260188, -0.9688721726582903
1717502879.3349328, 2.398021308446256, -0.20161767673409142, 0.0, 0.0, -0.0, -0.26052282926557035, -0.9654676874093003
1717502879.53318, 2.537209712911492, -0.1150566212982476, 0.0, 0.0, -0.0, -0.29419548871143547, -0.9557452664919872
1717502879.731523, 2.6645190258469222, -0.021123240032490345, 0.0, 0.0, -0.0, -0.3335645331969307, -0.9427272681921923
1717502879.9307342, 2.7866556197638666, 0.08361860681851997, 0.0, 0.0, -0.0, -0.3590625680245568, -0.9333134908719634
1717502880.0308518, 2.845593510508276, 0.1374897469020674, 0.0, 0.0, -0.0, -0.36563343929622844, -0.9307589312321485
1717502880.2339764, 2.962392975270651, 0.2474017263943708, 0.0, 0.0, -0.0, -0.3701628635484641, -0.9289668747859641
1717502880.4321249, 3.0788630376005997, 0.35873386565171606, 0.0, 0.0, -0.0, -0.37550118995588205, -0.9268219118804414
1717502880.6310022, 3.1935291444157157, 0.47138461177465973, 0.0, 0.0, -0.0, -0.38302555672011723, -0.9237377457369836
1717502880.8307595, 3.3057702797279918, 0.5874184252835115, 0.0, 0.0, -0.0, -0.4007544926174405, -0.9161854815739757
1717502880.930869, 3.3596796555503556, 0.6468565595043477, 0.0, 0.0, -0.0, -0.4105357809668009, -0.9118444892337613
1717502881.0310252, 3.4128334182667874, 0.707532357943636, 0.0, 0.0, -0.0, -0.4165752773523927, -0.9091012255512458
1717502881.230803, 3.515501650620597, 0.8304892128426481, 0.0, 0.0, -0.0, -0.4330677826183327, -0.9013613568697298
1717502881.4329152, 3.6133416756023857, 0.9583068168641999, 0.0, 0.0, -0.0, -0.45576711096882877, -0.8900990622167441
1717502881.6309144, 3.70308280167989, 1.0913912798772667, 0.0, 0.0, -0.0, -0.4879132222387459, -0.87289213970834
1717502881.8334413, 3.7829285393491534, 1.2303947953329473, 0.0, 0.0, -0.0, -0.5158943469556287, -0.8566522181020868
1717502882.0321984, 3.8512706294317405, 1.3716114600268283, 0.0, 0.0, -0.0, -0.5546406744345638, -0.8320899724565681
1717502882.2311258, 3.9012160005440375, 1.513415352625898, 0.0, 0.0, -0.0, -0.6047214338174703, -0.7964370580791321
1717502882.3323371, 3.9186865542506224, 1.581102367510435, 0.0, 0.0, -0.0, -0.6241423520148014, -0.7813106452758927
1717502882.545391, 3.94195248465711, 1.7157162690535372, 0.0, 0.0, -0.0, -0.669078262776798, -0.7431919525126613
1717502882.7309372, 3.9483461892710716, 1.852481474565239, 0.0, 0.0, -0.0, -0.7152497909176149, -0.6988688980004105
1717502882.9308076, 3.9373178181757598, 1.9890174709246833, 0.0, 0.0, -0.0, -0.7586756592968487, -0.6514685287797808
1717502883.0308666, 3.9252592618121356, 2.0568859470678604, 0.0, 0.0, -0.0, -0.7766738188191895, -0.6299029918652688
1717502883.1309593, 3.910059524191086, 2.1243825445862776, 0.0, 0.0, -0.0, -0.7861850563961861, -0.6179911464570715
1717502883.2315824, 3.8936384543451847, 2.1902022919482835, 0.0, 0.0, -0.0, -0.7895710324681277, -0.6136591763244602
1717502883.4311323, 3.860220282690373, 2.3192228977644485, 0.0, 0.0, -0.0, -0.7930308806587143, -0.6091814362910807
1717502883.6315138, 3.8239263638117778, 2.448158767707584, 0.0, 0.0, -0.0, -0.8030807807664778, -0.5958701700567871
1717502883.7329147, 3.803831624791989, 2.5121122993055995, 0.0, 0.0, -0.0, -0.8107997863063726, -0.5853235912942008
1717502883.930713, 3.757257177760613, 2.639038619592637, 0.0, 0.0, -0.0, -0.833308125648313, -0.5528087985266655
1717502884.0308096, 3.729835584194389, 2.699952681291349, 0.0, 0.0, -0.0, -0.8512646305650917, -0.5247366279848186
1717502884.131389, 3.6987464209333254, 2.7576509717069344, 0.0, 0.0, -0.0, -0.8697563262908937, -0.49348144126903937
1717502884.3310096, 3.6222927871582438, 2.8671893471467116, 0.0, 0.0, -0.0, -0.9024039991340248, -0.4308909634082838
1717502884.4321966, 3.578933649239541, 2.918817804200063, 0.0, 0.0, -0.0, -0.9115541891477573, -0.4111799609017621
1717502884.630721, 3.4877770708124887, 3.0172279070604806, 0.0, 0.0, -0.0, -0.9212440417255539, -0.3889851097216524
1717502884.7314537, 3.4406146624614276, 3.0647899013911277, 0.0, 0.0, -0.0, -0.9255505312494179, -0.3786241066069623
1717502884.9528174, 3.343296598706734, 3.157258167475016, 0.0, 0.0, -0.0, -0.9329132842885385, -0.36010110246703303
1717502885.0933383, 3.3332641215631944, 3.166359150417993, 0.0, 0.0, -0.0, -0.9337131312319263, -0.35802205038945795
1717502885.2322617, 3.1892554891980605, 3.2886103821666897, 0.0, 0.0, -0.0, -0.9441413302072176, -0.32954081476282376
1717502885.4319851, 3.0826463616501645, 3.3701978420518883, 0.0, 0.0, -0.0, -0.9510662960231429, -0.3089868938463567
1717502885.6308336, 2.9726440688517397, 3.4463652540065963, 0.0, 0.0, -0.0, -0.958235998942999, -0.2859786186583058
1717502885.8309615, 2.8627750789606092, 3.5156757380563812, 0.0, 0.0, -0.0, -0.963510940197113, -0.26766895247763667
1717502885.9342282, 2.80704696623103, 3.5484872780572836, 0.0, 0.0, -0.0, -0.9669541155203722, -0.2549504627927051
1717502886.1307483, 2.6913469626317537, 3.6104484418771583, 0.0, 0.0, -0.0, -0.973068925321008, -0.23051435220961516
1717502886.3309507, 2.5754833109122672, 3.6665195830975836, 0.0, 0.0, -0.0, -0.9764704250450283, -0.2156513598667572
1717502886.5308688, 2.4581346437065696, 3.719234663840694, 0.0, 0.0, -0.0, -0.9797719702556772, -0.2001171814245554
1717502886.6313758, 2.4009477029215405, 3.743098180426576, 0.0, 0.0, -0.0, -0.9818340018150037, -0.18974191123717318
1717502886.8307984, 2.2861688056985687, 3.786372506296185, 0.0, 0.0, -0.0, -0.9854711934595329, -0.16984265324541922
1717502886.93085, 2.232173652189387, 3.8055446770160772, 0.0, 0.0, -0.0, -0.9852821073454372, -0.17093615458683514
1717502887.0321436, 2.186266147692773, 3.82223866891754, 0.0, 0.0, -0.0, -0.9840416118203468, -0.17793848995092057
1717502887.2307656, 2.110179910092812, 3.8521863504693954, 0.0, 0.0, -0.0, -0.9801083326811887, -0.198463236416472
1717502887.4332232, 2.0537686995789004, 3.8776989888386537, 0.0, 0.0, -0.0, -0.9731329686043929, -0.23024383903853224
1717502887.6343431, 2.020740174012225, 3.8958948741192314, 0.0, 0.0, -0.0, -0.9602961133875072, -0.2789827496689499
1717502887.8317199, 2.009561775011126, 3.903568332774445, 0.0, 0.0, -0.0, -0.94316898904349, -0.3323134937174251
1717502888.0309181, 2.0101849134997214, 3.9030037870373695, 0.0, 0.0, -0.0, -0.9230117706920281, -0.38477171305069574
1717502888.1317823, 2.0100762240898185, 3.9031211684075098, 0.0, 0.0, -0.0, -0.9089917011334335, -0.41681421193446205
1717502888.33422, 2.0099819304039905, 3.9032503061411856, 0.0, 0.0, -0.0, -0.8762668097836487, -0.4818261907281367
1717502888.5311828, 2.0101674234734803, 3.902896053149975, 0.0, 0.0, -0.0, -0.8364043663216472, -0.5481128861813813
1717502888.7306445, 2.0101815796022864, 3.9028736893715075, 0.0, 0.0, -0.0, -0.7912850125466564, -0.6114474866405437
1717502888.8307955, 2.0101972294810344, 3.902798651668485, 0.0, 0.0, -0.0, -0.7664885628384956, -0.6422579567726487
1717502888.9314508, 2.010193996392683, 3.902818230702316, 0.0, 0.0, -0.0, -0.7453502123032596, -0.6666731290666257
1717502889.0348473, 2.0102052183178047, 3.902730319574534, 0.0, 0.0, -0.0, -0.7119657280912087, -0.7022142137720904
1717502889.230722, 2.010191773348677, 3.902571060637546, 0.0, 0.0, -0.0, -0.6463929196399335, -0.7630047139037625
1717502889.3307273, 2.010207958308347, 3.9026493961566135, 0.0, 0.0, -0.0, -0.6102031617354972, -0.7922449756281215
1717502889.4331193, 2.0101956037779902, 3.902606795913477, 0.0, 0.0, -0.0, -0.5729803606778275, -0.8195690979273844
1717502889.6313603, 2.0102234539631474, 3.902686733271582, 0.0, 0.0, -0.0, -0.49468808710930806, -0.8690705934917679
1717502889.8310025, 2.0102219427539487, 3.9026870445954085, 0.0, 0.0, -0.0, -0.4079273899620172, -0.9130143725696636
1717502889.933265, 2.010055995503948, 3.9025137679195563, 0.0, 0.0, -0.0, -0.36173008147236324, -0.9322828691754437
1717502890.1313295, 2.0099662520044417, 3.9024563730152213, 0.0, 0.0, -0.0, -0.267083207281189, -0.9636734718712524
1717502890.3307326, 2.010048413525936, 3.9024687832709484, 0.0, 0.0, -0.0, -0.17046505925869704, -0.9853637214612323
1717502890.430963, 2.0103737586973, 3.9025636189658313, 0.0, 0.0, -0.0, -0.12124764845406108, -0.9926222885591278
1717502890.6355507, 2.0101414331813308, 3.9025372694557596, 0.0, 0.0, -0.0, -0.02456549128887608, -0.999698222784124
1717502890.83334, 2.011134374331423, 3.9024129164705545, 0.0, -0.0, 0.0, 0.06573726814208913, -0.9978369664314983
1717502891.0310495, 2.031938101575919, 3.8978351608495974, 0.0, -0.0, 0.0, 0.13317719972269265, -0.9910922426666562
1717502891.2318301, 2.0781512734598704, 3.88340768722464, 0.0, -0.0, 0.0, 0.1664513447427115, -0.9860496690498624
1717502891.3365605, 2.1100061416986358, 3.871783206372213, 0.0, -0.0, 0.0, 0.18622117581117054, -0.9825078491694126
1717502891.5306585, 2.1737279302733286, 3.8436032578153037, 0.0, -0.0, 0.0, 0.23263953731115838, -0.9725630291552575
1717502891.6307685, 2.2069433496393636, 3.8257486696202467, 0.0, -0.0, 0.0, 0.26269753067846385, -0.9648782344811379
1717502891.8311226, 2.2758264237629215, 3.7776494738103725, 0.0, -0.0, 0.0, 0.3476951475599262, -0.9376076388144889
1717502891.9332113, 2.308346298615388, 3.7475236473249907, 0.0, -0.0, 0.0, 0.390004174616167, -0.9208130884071764
1717502892.130847, 2.364441703580945, 3.6811976627481906, 0.0, -0.0, 0.0, 0.45424343633079517, -0.8908776013293807
1717502892.232703, 2.388259131285332, 3.646544401098053, 0.0, -0.0, 0.0, 0.48264261310732526, -0.8758173942169296
1717502892.432284, 2.431750654525519, 3.5687587689115587, 0.0, -0.0, 0.0, 0.5297468072427044, -0.8481558348653631
1717502892.631121, 2.4678549251905793, 3.491774432838917, 0.0, -0.0, 0.0, 0.5390239430833212, -0.8422904420583843
1717502892.830838, 2.5007695236703653, 3.421594687881372, 0.0, -0.0, 0.0, 0.5318191400503745, -0.8468579587369303
1717502892.931253, 2.5156213710327098, 3.3911627769695354, 0.0, -0.0, 0.0, 0.5264473710727144, -0.8502077190255495
1717502893.1315284, 2.5407182953408363, 3.341513118276808, 0.0, -0.0, 0.0, 0.5208233210047587, -0.8536644939890461
1717502893.3307555, 2.5670740770143605, 3.2900538862319304, 0.0, -0.0, 0.0, 0.5235582786056828, -0.8519898643196726
1717502893.4337738, 2.5802010792730248, 3.264002724436494, 0.0, -0.0, 0.0, 0.5257612820805703, -0.8506321615510403
1717502893.630765, 2.6000928763970728, 3.223617238641345, 0.0, -0.0, 0.0, 0.531003549028303, -0.8473695952294645
1717502893.832721, 2.6064094623224032, 3.2106105055451573, 0.0, -0.0, 0.0, 0.5309523628662536, -0.8474016688482164
1717502894.0391254, 2.606339919488792, 3.210754361204931, 0.0, -0.0, 0.0, 0.5309522689211824, -0.8474017277109178
1717502894.2308874, 2.606305013293891, 3.2108263744205456, 0.0, -0.0, 0.0, 0.5312489276410286, -0.8472157794093882
1717502894.3309827, 2.606305013293891, 3.2108263744205456, 0.0, -0.0, 0.0, 0.5312489276410286, -0.8472157794093882
1717502894.5316045, 2.6063400060183737, 3.210754310809092, 0.0, -0.0, 0.0, 0.5309525427336022, -0.8474015561495757
1717502894.6331625, 2.6086859949393126, 3.20605342815559, 0.0, -0.0, 0.0, 0.5191767967836981, -0.8546668670782895
1717502894.83096, 2.6234206100103483, 3.180610420516225, 0.0, -0.0, 0.0, 0.4784347597061307, -0.8781231011110783
1717502895.0335095, 2.655545904715403, 3.1350670946350396, 0.0, -0.0, 0.0, 0.4504039018620401, -0.8928249129518339
1717502895.2329125, 2.7050215640105026, 3.068883198888958, 0.0, -0.0, 0.0, 0.44737751010959, -0.8943452149187939
1717502895.4321597, 2.769057429471753, 2.982166100217039, 0.0, -0.0, 0.0, 0.4535291191781652, -0.8912414588973505
1717502895.632009, 2.8478555135382773, 2.8740786735588317, 0.0, -0.0, 0.0, 0.4519144799417707, -0.8920612662922648
1717502895.8309977, 2.9171636210894305, 2.776672295690386, 0.0, -0.0, 0.0, 0.4791148980878781, -0.877752194204174
1717502896.0310352, 2.9529760358959285, 2.7137763471090977, 0.0, -0.0, 0.0, 0.5381992895410906, -0.8428176105999834
1717502896.1352859, 2.963397343590804, 2.6895012856836744, 0.0, -0.0, 0.0, 0.5696686617992761, -0.821874452555755
1717502896.331177, 2.9749527539388265, 2.652007675976763, 0.0, -0.0, 0.0, 0.6117975072767724, -0.7910144183830834
1717502896.5309622, 2.9898752758273575, 2.595013048910333, 0.0, -0.0, 0.0, 0.6090820574054964, -0.7931072104997455
1717502896.7307348, 3.0127871172201575, 2.50926423920549, 0.0, -0.0, 0.0, 0.6099623548561425, -0.7924303916801458
1717502896.8311193, 3.0266738667102047, 2.4571436802213626, 0.0, -0.0, 0.0, 0.6079721361701497, -0.7939583626618621
1717502897.0308173, 3.0600182552924227, 2.336156595041193, 0.0, -0.0, 0.0, 0.6053652642468184, -0.7959477978130097
1717502897.130847, 3.0794842608591253, 2.2657210669303915, 0.0, -0.0, 0.0, 0.6059223533830974, -0.7955237907634748
1717502897.2335756, 3.1007321311064486, 2.188674994849312, 0.0, -0.0, 0.0, 0.6059223872405894, -0.7955237649754187
1717502897.43345, 3.1479906871241385, 2.017138509784986, 0.0, -0.0, 0.0, 0.6053656101338379, -0.795947534745404
1717502897.6306617, 3.200051505607479, 1.830221088211338, 0.0, -0.0, 0.0, 0.6059224078557849, -0.7955237492735512
1717502897.7309186, 3.2223582075871287, 1.747272322728178, 0.0, -0.0, 0.0, 0.6121663855538221, -0.790728977841314
1717502897.832757, 3.2393710948459016, 1.6785493880074203, 0.0, -0.0, 0.0, 0.6256101476882447, -0.7801358491375029
1717502898.0308867, 3.2572991346618934, 1.5722305238254537, 0.0, -0.0, 0.0, 0.6738711423756236, -0.7388488908250265
1717502898.130989, 3.260318866468445, 1.5245099639067956, 0.0, -0.0, 0.0, 0.6997612697743378, -0.7143767670660954
1717502898.3317316, 3.257470126176544, 1.4093727139165604, 0.0, -0.0, 0.0, 0.7369445003450303, -0.6759532553447861
1717502898.5313218, 3.23573347057025, 1.2690453097514962, 0.0, -0.0, 0.0, 0.7858161597730754, -0.6184601547711027
1717502898.7314057, 3.1908283874626635, 1.1291555075748367, 0.0, -0.0, 0.0, 0.8338951503678592, -0.5519228915283053
1717502898.9309928, 3.123108694831126, 0.9977205525038317, 0.0, -0.0, 0.0, 0.8761551015138153, -0.48202929173579906
1717502899.1308346, 3.034466518753187, 0.8764983924104278, 0.0, -0.0, 0.0, 0.9094626277665656, -0.4157856763958246
1717502899.23105, 2.9846579901257444, 0.8214466860736509, 0.0, -0.0, 0.0, 0.9198598747345287, -0.39224712982172
1717502899.4312422, 2.8794495471658323, 0.7158820879634914, 0.0, -0.0, 0.0, 0.92505131680141, -0.37984215311623515
1717502899.5384169, 2.8272736327565178, 0.6640239187630409, 0.0, -0.0, 0.0, 0.9233819554384204, -0.38388248771039163
1717502899.7323895, 2.720095963913501, 0.5594355217429157, 0.0, -0.0, 0.0, 0.9366670919630568, -0.3502210142659498
1717502899.8377445, 2.6641678013483743, 0.5138986023861417, 0.0, -0.0, 0.0, 0.9505785509508985, -0.31048416782839366
1717502900.0307336, 2.5387972258337417, 0.437280484181035, 0.0, -0.0, 0.0, 0.9732297666022145, -0.22983433468348238
1717502900.130765, 2.4751706640205304, 0.4065719981272729, 0.0, -0.0, 0.0, 0.9760830518888591, -0.21739796644709164
1717502900.2310112, 2.4126526940138295, 0.3773622962402384, 0.0, -0.0, 0.0, 0.9762480309183231, -0.21665590720794284
1717502900.434428, 2.286008176307185, 0.3176304909574556, 0.0, -0.0, 0.0, 0.9746824089288977, -0.22359383203604055
1717502900.6308672, 2.168768106386468, 0.2595341265021828, 0.0, -0.0, 0.0, 0.9724364215057695, -0.23316819279021214
1717502900.8309977, 2.063585307729999, 0.20562620922012642, 0.0, -0.0, 0.0, 0.9726947591493157, -0.23208814171227013
1717502901.0326107, 1.9723097187785976, 0.15998539513347154, 0.0, -0.0, 0.0, 0.9740989996658603, -0.22612195570083446
1717502901.2312005, 1.8779704105646229, 0.11346890443710478, 0.0, -0.0, 0.0, 0.9733680391360068, -0.22924803246380385
1717502901.3313096, 1.8269676302792714, 0.0878031486771271, 0.0, -0.0, 0.0, 0.9724314547341606, -0.23318890591879413
1717502901.5392466, 1.7077027881446938, 0.02710335768055802, 0.0, -0.0, 0.0, 0.9726083628676541, -0.2324499354267534
1717502901.730665, 1.6100670734934703, -0.021451929004120143, 0.0, -0.0, 0.0, 0.9742231925548394, -0.22558628302327358
1717502901.8320174, 1.5773388390821987, -0.03743328541364348, 0.0, -0.0, 0.0, 0.9743808221721193, -0.22490445389806044
1717502902.0314393, 1.5295779510419745, -0.060655281530170115, 0.0, -0.0, 0.0, 0.9746299762704814, -0.22382227180287678
1717502902.2337785, 1.5070880126457302, -0.0715765342645623, 0.0, -0.0, 0.0, 0.9744430661434667, -0.22463461631039752
1717502902.4308114, 1.5046783275398126, -0.07275004697640963, 0.0, -0.0, 0.0, 0.9743780517713071, -0.22491645610393182
1717502902.5309036, 1.504678421254723, -0.07275006358964692, 0.0, -0.0, 0.0, 0.974377976069433, -0.22491678405764962
1717502902.7308621, 1.504678421254723, -0.07275006358964692, 0.0, -0.0, 0.0, 0.974377976069433, -0.22491678405764962
1717502902.8308952, 1.504678421254723, -0.07275006358964692, 0.0, -0.0, 0.0, 0.974377976069433, -0.22491678405764962
1717502902.9309504, 1.504678421254723, -0.07275006358964692, 0.0, -0.0, 0.0, 0.974377976069433, -0.22491678405764962
1717502903.030996, 1.504678421254723, -0.07275006358964692, 0.0, -0.0, 0.0, 0.974377976069433, -0.22491678405764962
1717502903.1312203, 1.504678421254723, -0.07275006358964692, 0.0, -0.0, 0.0, 0.974377976069433, -0.22491678405764962
1717502903.3307781, 1.504678421254723, -0.07275006358964692, 0.0, -0.0, 0.0, 0.974377976069433, -0.22491678405764962
1717502903.4311023, 1.504678421254723, -0.07275006358964692, 0.0, -0.0, 0.0, 0.974377976069433, -0.22491678405764962
1717502903.6326005, 1.504678421254723, -0.07275006358964692, 0.0, -0.0, 0.0, 0.974377976069433, -0.22491678405764962
1717502903.8308225, 1.504678421254723, -0.07275006358964692, 0.0, -0.0, 0.0, 0.974377976069433, -0.22491678405764962
1717502904.0307004, 1.504678421254723, -0.07275006358964692, 0.0, -0.0, 0.0, 0.974377976069433, -0.22491678405764962
1717502904.131125, 1.504678421254723, -0.07275006358964692, 0.0, -0.0, 0.0, 0.974377976069433, -0.22491678405764962
1717502904.3308825, 1.504678421254723, -0.07275006358964692, 0.0, -0.0, 0.0, 0.974377976069433, -0.22491678405764962
1717502904.431312, 1.504678421254723, -0.07275006358964692, 0.0, -0.0, 0.0, 0.974377976069433, -0.22491678405764962
1717502904.630852, 1.504678421254723, -0.07275006358964692, 0.0, -0.0, 0.0, 0.974377976069433, -0.22491678405764962
1717502904.7312837, 1.504678421254723, -0.07275006358964692, 0.0, -0.0, 0.0, 0.974377976069433, -0.22491678405764962
1717502904.8316152, 1.504678421254723, -0.07275006358964692, 0.0, -0.0, 0.0, 0.974377976069433, -0.22491678405764962
1717502905.0309038, 1.504678421254723, -0.07275006358964692, 0.0, -0.0, 0.0, 0.974377976069433, -0.22491678405764962
1717502905.2310607, 1.504678421254723, -0.07275006358964692, 0.0, -0.0, 0.0, 0.974377976069433, -0.22491678405764962
1717502905.3313658, 1.504678421254723, -0.07275006358964692, 0.0, -0.0, 0.0, 0.974377976069433, -0.22491678405764962
1717502905.5307684, 1.504678421254723, -0.07275006358964692, 0.0, -0.0, 0.0, 0.974377976069433, -0.22491678405764962
1717502905.6307895, 1.504678421254723, -0.07275006358964692, 0.0, -0.0, 0.0, 0.974377976069433, -0.22491678405764962
1717502905.7312162, 1.504678421254723, -0.07275006358964692, 0.0, -0.0, 0.0, 0.974377976069433, -0.22491678405764962
1717502905.930937, 1.504678421254723, -0.07275006358964692, 0.0, -0.0, 0.0, 0.974377976069433, -0.22491678405764962
1717502906.0313282, 1.504678421254723, -0.07275006358964692, 0.0, -0.0, 0.0, 0.974377976069433, -0.22491678405764962
1717502906.231113, 1.504678421254723, -0.07275006358964692, 0.0, -0.0, 0.0, 0.974377976069433, -0.22491678405764962
1717502906.3312368, 1.504678421254723, -0.07275006358964692, 0.0, -0.0, 0.0, 0.974377976069433, -0.22491678405764962
1717502906.4348567, 1.504678421254723, -0.07275006358964692, 0.0, -0.0, 0.0, 0.974377976069433, -0.22491678405764962
1717502906.6306565, 1.504678421254723, -0.07275006358964692, 0.0, -0.0, 0.0, 0.974377976069433, -0.22491678405764962
1717502906.7310507, 1.504678421254723, -0.07275006358964692, 0.0, -0.0, 0.0, 0.974377976069433, -0.22491678405764962
1717502906.831143, 1.504678421254723, -0.07275006358964692, 0.0, -0.0, 0.0, 0.974377976069433, -0.22491678405764962
1717502907.030967, 1.504678421254723, -0.07275006358964692, 0.0, -0.0, 0.0, 0.974377976069433, -0.22491678405764962
